1) (x+1)(x+1) = 9
2) (x+1)(x+2) = 12
3) (x+1)(x+3) = 15
4) (x+1)(x+4) = 18
5) (x+1)(x+5) = 21
6) (x+1)(x+6) = 24
7) (x+1)(x+7) = 27
8) (x+1)(x+8) = 30
9) (x+1)(x+9) = 33
10) (x+1)(x+10) = 36
11) (x+1)(x+11) = 39
12) (x+1)(x+12) = 42
13) (x+1)(x+13) = 45
14) (x+1)(x+14) = 48
15) (x+2)(x+1) = 12
16) (x+2)(x+2) = 16
17) (x+2)(x+3) = 20
18) (x+2)(x+4) = 24
19) (x+2)(x+5) = 28
20) (x+2)(x+6) = 32
21) (x+2)(x+7) = 36
22) (x+2)(x+8) = 40
23) (x+2)(x+9) = 44
24) (x+2)(x+10) = 48
25) (x+3)(x+1) = 15
26) (x+3)(x+2) = 20
27) (x+3)(x+3) = 25
28) (x+3)(x+4) = 30
29) (x+3)(x+5) = 35
30) (x+3)(x+6) = 40
31) (x+3)(x+7) = 45
32) (x+4)(x+1) = 18
33) (x+4)(x+2) = 24
34) (x+4)(x+3) = 30
35) (x+4)(x+4) = 36
36) (x+4)(x+5) = 42
37) (x+4)(x+6) = 48
38) (x+5)(x+1) = 21
39) (x+5)(x+2) = 28
40) (x+5)(x+3) = 35
41) (x+5)(x+4) = 42
42) (x+5)(x+5) = 49
43) (x+6)(x+1) = 24
44) (x+6)(x+2) = 32
45) (x+6)(x+3) = 40
46) (x+6)(x+4) = 48
47) (x+7)(x+1) = 27
48) (x+7)(x+2) = 36
49) (x+7)(x+3) = 45
50) (x+8)(x+1) = 30
51) (x+8)(x+2) = 40
52) (x+9)(x+1) = 33
53) (x+9)(x+2) = 44
54) (x+10)(x+1) = 36
55) (x+10)(x+2) = 48
56) (x+11)(x+1) = 39
57) (x+12)(x+1) = 42
58) (x+13)(x+1) = 45
59) (x+14)(x+1) = 48
